0 0
0 0
0 0
0 0
0 0
0 0
0 0
0 0
0 0
0 0
0 0
0 0
0 0
0 0
0 0
0 0
0 0
0 0
0 0
0 0
0 0
0 0
0 0
0 0
0 0
0 0
0 0
0 0
0 0
0 0
0 0
0 0
0 0
0 0
0 0
0 0
0 0
0 0
0 0
0 0
0 0
0 0
0 0
0 0
0 0
0 0
0 0
0 0
0 0
0 0
0 0
0 0
0 0
0 0
0 0
0 0
0 0
0 0
0 0
0 0
0 0
0 0
0 0
0 0
0 0
0 0
0 0
0 0
0 0
0 0
0 0
0 0
0 0
0 0
0 0
0 0
0 0
0 0
0 0
0 0
0 0
0 0
0 0
0 0
0 0
0 0
0 0
0 0
0 0
0 0
0 0
0 0
0 0
0 0
0 0
0 0
0 0
0 0
0 0
0 0
0 0
0 0
0 0
0 0
0 0
0 0
0 0
0 0
0 0
0 0
0 0
0 0
0 0
0 0
0 0
0 0
0 0
0 0
0 0
0 0
0 0
0 0
0 0
0 0
0 0
0 0
0 0
0 0
0 0
0 0
0 0
0 0
0 0
0 0
0 0
0 0
0 0
0 0
0 0
0 0
0 0
0 0
0 0
0 0
0 0
0 0
0 0
0 0
0 0
0 0
0 0
0 0
0 0
0 0
0 0
0 0
0 0
0 0
0 0
0 0
0 0
0 0
0 0
0 0
0 0
0 0
0 0
0 0
0 0
0 0
0 0
0 0
0 0
0 0
0 0
0 0
0 0
0 0
0 0
0 0
0 0
0 0
0 0
0 0
0 0
0 0
0 0
0 0
0 0
0 0
0 0
0 0
0 0
0 0
0 0
0 0
0 0
0 0
0 0
0 0
0 0
0 0
0 0
0 0
0 0
0 0
0 0
0 0
0 0
0 0
0 0
0 0
0 0
0 0
0 0
0 0
0 0
0 0
0 0
0 0
0 0
0 0
0 0
0 0
0 0
0 0
0 0
0 0
0 0
0 0
0 0
0 0
0 0
0 0
0 0
0 0
0 0
0 0
0 0
0 0
0 0
-5.55112e-17 1.15421e-22
-5.55112e-17 1.93793e-22
-1.11022e-16 2.90689e-22
-1.66533e-16 3.44837e-22
0 3.19188e-22
0 2.90689e-22
-1.11022e-16 3.30588e-22
-1.11022e-16 2.45091e-22
0 2.05192e-22
5.55112e-16 9.11967e-23
3.33067e-16 1.13996e-22
-2.22045e-16 1.48195e-22
0 1.36795e-22
0 0
0 0
-1.66533e-16 2.05876e-22
-1.66533e-16 3.88223e-22
-5.55112e-17 5.64689e-22
-3.88578e-16 6.29393e-22
0 6.05864e-22
0 6.05864e-22
0 5.76453e-22
0 5.17631e-22
1.11022e-16 4.5881e-22
3.33067e-16 2.11758e-22
2.22045e-16 2.82344e-22
2.22045e-16 2.11758e-22
4.44089e-16 1.76465e-22
0 0
0 0
-1.11022e-16 2.64831e-22
-1.66533e-16 5.32605e-22
-2.77556e-16 7.29757e-22
-2.22045e-16 8.00379e-22
-1.11022e-16 8.3569e-22
0 8.18034e-22
-1.11022e-16 7.59183e-22
-1.11022e-16 8.00379e-22
2.22045e-16 6.59136e-22
7.77156e-16 4.355e-22
4.44089e-16 4.1196e-22
-2.22045e-16 3.06027e-22
2.22045e-16 2.82487e-22
0 0
0 0
5.55112e-17 3.08972e-22
-2.77556e-16 5.64978e-22
-3.33067e-16 7.88615e-22
-4.44089e-16 9.76941e-22
-2.22045e-16 1.01814e-21
1.11022e-16 1.06522e-21
0 1.03579e-21
-1.11022e-16 1.0711e-21
1.11022e-16 8.82778e-22
2.22045e-16 6.82682e-22
2.22045e-16 5.41437e-22
-2.22045e-16 4.23733e-22
6.66134e-16 2.00096e-22
0 0
0 0
0 3.23685e-22
-3.33067e-16 5.94404e-22
0 8.47467e-22
-1.11022e-16 1.03579e-21
5.55112e-16 1.14173e-21
6.66134e-16 1.10053e-21
0 1.17704e-21
3.33067e-16 1.24766e-21
0 1.14173e-21
4.44089e-16 8.00385e-22
2.22045e-16 6.12059e-22
2.22045e-16 5.41437e-22
8.88178e-16 2.70719e-22
0 0
0 0
-1.11022e-16 3.178e-22
0 6.76797e-22
1.11022e-16 9.18089e-22
4.44089e-16 1.14761e-21
2.22045e-16 1.23589e-21
5.55112e-16 1.20058e-21
0 1.30651e-21
-2.22045e-16 1.42422e-21
-2.22045e-16 1.30651e-21
-2.22045e-16 1.02402e-21
8.88178e-16 7.88615e-22
2.22045e-16 6.82682e-22
1.11022e-15 4.00193e-22
0 0
0 0
1.11022e-16 4.11963e-22
0 8.12156e-22
4.44089e-16 9.76941e-22
4.44089e-16 1.18881e-21
5.55112e-16 1.40067e-21
2.22045e-16 1.41244e-21
-2.22045e-16 1.60077e-21
-2.22045e-16 1.74202e-21
-8.88178e-16 1.69493e-21
0 1.41244e-21
6.66134e-16 1.22412e-21
-4.44089e-16 1.01225e-21
1.33227e-15 6.356e-22
0 0
0 0
0 4.23733e-22
1.11022e-16 8.71008e-22
2.22045e-16 1.13584e-21
-3.33067e-16 1.3889e-21
1.11022e-16 1.56546e-21
-4.44089e-16 1.76556e-21
-6.66134e-16 1.88326e-21
-1.11022e-15 2.01273e-21
-4.44089e-16 1.95388e-21
-4.44089e-16 1.67139e-21
-2.22045e-16 1.56546e-21
-4.44089e-16 1.31828e-21
4.44089e-16 6.356e-22
0 0
0 0
-1.11022e-16 5.06126e-22
-1.11022e-16 8.18041e-22
-2.22045e-16 1.18881e-21
-6.66134e-16 1.44776e-21
-4.44089e-16 1.74202e-21
-6.66134e-16 1.94211e-21
-1.33227e-15 2.04805e-21
-1.11022e-15 2.18929e-21
-6.66134e-16 2.27168e-21
-8.88178e-16 2.23637e-21
-6.66134e-16 2.03627e-21
-8.88178e-16 1.56546e-21
2.22045e-16 8.59237e-22
0 0
0 0
-2.22045e-16 4.53159e-22
1.11022e-16 8.35697e-22
-3.33067e-16 1.16527e-21
-6.66134e-16 1.42422e-21
-1.11022e-15 1.589e-21
-8.88178e-16 1.84795e-21
-8.88178e-16 2.11867e-21
-1.11022e-15 2.15398e-21
-8.88178e-16 2.63656e-21
-1.11022e-15 2.56594e-21
-1.11022e-15 2.17752e-21
-8.88178e-16 1.96565e-21
-6.66134e-16 8.47467e-22
0 0
0 0
-3.33067e-16 3.53111e-22
-5.55112e-16 7.06222e-22
-8.88178e-16 1.00048e-21
-1.11022e-15 1.28297e-21
-1.11022e-15 1.40067e-21
0 1.51838e-21
-6.66134e-16 1.68316e-21
-1.77636e-15 1.97742e-21
-1.55431e-15 2.48355e-21
-1.11022e-15 2.27168e-21
-1.33227e-15 2.20106e-21
-2.22045e-15 1.75379e-21
-1.11022e-15 8.94548e-22
0 0
0 0
1.11022e-16 2.35407e-22
0 4.23733e-22
-8.88178e-16 7.29763e-22
-1.55431e-15 1.02402e-21
-6.66134e-16 9.18089e-22
-2.22045e-16 1.16527e-21
-8.88178e-16 1.29474e-21
-1.33227e-15 1.64785e-21
-1.33227e-15 2.04805e-21
-8.88178e-16 1.82441e-21
-4.44089e-16 1.61254e-21
-1.33227e-15 1.34182e-21
-6.66134e-16 6.59141e-22
0 0
0 0
4.44089e-16 7.06222e-23
2.22045e-16 1.76556e-22
-4.44089e-16 3.0603e-22
0 3.88422e-22
-4.44089e-16 5.53208e-22
2.22045e-16 4.00193e-22
4.44089e-16 6.12059e-22
-4.44089e-16 8.94548e-22
-2.22045e-16 8.94548e-22
-6.66134e-16 1.21235e-21
-2.22045e-16 7.06222e-22
-4.44089e-16 5.64978e-22
-2.22045e-16 4.23733e-22
0 0
0 0
0 0
0 0
0 0
0 0
0 0
0 0
0 0
0 0
0 0
0 0
0 0
0 0
0 0
0 0
0 0
0 0
0 0
0 0
0 0
0 0
0 0
0 0
0 0
0 0
0 0
0 0
0 0
0 0
0 0
0 0
-5.55112e-17 1.91724e-22
-1.66533e-16 4.14186e-22
-3.33067e-16 5.75784e-22
-2.22045e-16 7.28543e-22
-3.33067e-16 6.58039e-22
-1.11022e-16 7.05042e-22
0 5.9341e-22
2.22045e-16 8.34299e-22
-3.33067e-16 3.2902e-22
9.99201e-16 2.58515e-22
-4.44089e-16 2.93767e-22
-2.22045e-16 3.17269e-22
-4.44089e-16 1.27831e-22
0 0
0 0
0 4.17208e-22
-4.44089e-16 7.69075e-22
-6.66134e-16 1.01121e-21
-8.88178e-16 1.14149e-21
-5.55112e-16 1.22214e-21
1.11022e-16 1.1539e-21
-3.33067e-16 1.07945e-21
-2.22045e-16 1.14149e-21
-2.22045e-16 7.44449e-22
8.88178e-16 7.44449e-22
-4.44089e-16 4.46669e-22
-8.88178e-16 4.83859e-22
-6.66134e-16 3.65627e-22
0 0
0 0
-4.996e-16 6.04296e-22
-5.55112e-16 1.11365e-21
-7.77156e-16 1.40028e-21
-7.77156e-16 1.93551e-21
-2.22045e-16 1.84216e-21
-2.22045e-16 1.63056e-21
-6.66134e-16 1.60566e-21
-2.22045e-16 1.36917e-21
-2.22045e-16 1.69279e-21
4.44089e-16 1.19491e-21
0 7.59266e-22
-8.88178e-16 8.3385e-22
0 3.78669e-22
0 0
0 0
-2.77556e-16 6.16585e-22
-7.77156e-16 1.12635e-21
-8.88178e-16 1.53756e-21
-7.77156e-16 2.16008e-21
-1.11022e-16 1.992e-21
-4.44089e-16 2.05425e-21
-4.44089e-16 2.3157e-21
-8.88178e-16 2.20365e-21
-1.11022e-15 1.83015e-21
0 1.20765e-21
-4.44089e-16 1.1703e-21
-8.88178e-16 7.59351e-22
2.22045e-16 6.35273e-22
0 0
0 0
-1.11022e-16 6.0438e-22
-2.22045e-16 1.2446e-21
-1.11022e-16 1.67455e-21
-3.33067e-16 2.31575e-21
2.22045e-16 2.44025e-21
0 2.3282e-21
0 2.49005e-21
-6.66134e-16 2.70171e-21
-2.22045e-16 2.2784e-21
1.33227e-15 1.75549e-21
4.44089e-16 1.34462e-21
8.88178e-16 8.46504e-22
8.88178e-16 6.84147e-22
0 0
0 0
0 6.4101e-22
-2.22045e-16 1.49975e-21
5.55112e-16 1.76793e-21
-3.33067e-16 2.3282e-21
1.33227e-15 2.71416e-21
-2.22045e-16 2.51496e-21
2.22045e-16 2.85111e-21
2.22045e-16 2.93827e-21
-8.88178e-16 2.52741e-21
2.22045e-16 2.19125e-21
-2.22045e-16 1.86754e-21
6.66134e-16 1.48138e-21
2.22045e-16 9.52919e-22
0 0
0 0
-2.22045e-16 6.95954e-22
-1.11022e-16 1.53086e-21
-6.66134e-16 2.27838e-21
2.22045e-16 2.3033e-21
-9.99201e-16 2.76396e-21
0 3.05032e-21
2.22045e-16 2.72661e-21
-6.66134e-16 3.44873e-21
-6.66134e-16 3.28687e-21
-4.44089e-16 2.70171e-21
4.44089e-16 2.49005e-21
-1.77636e-15 2.02912e-21
-8.88178e-16 1.46603e-21
0 0
0 0
-1.11022e-15 1.07445e-21
-4.44089e-16 1.71755e-21
-5.55112e-16 2.21613e-21
-8.88178e-16 2.47761e-21
-8.88178e-16 3.54833e-21
-1.33227e-15 3.85959e-21
-1.9984e-15 3.78489e-21
-8.88178e-16 3.32422e-21
-1.77636e-15 3.75998e-21
-4.44089e-16 3.44873e-21
-2.88658e-15 3.13746e-21
-2.44249e-15 2.91298e-21
-1.9984e-15 1.88141e-21
0 0
0 0
-1.11022e-15 8.79099e-22
-7.77156e-16 1.70511e-21
-1.44329e-15 2.26593e-21
-1.33227e-15 2.71416e-21
-1.77636e-15 3.13747e-21
-1.9984e-15 3.62303e-21
-3.55271e-15 4.15839e-21
-1.55431e-15 3.89694e-21
-1.11022e-15 4.20819e-21
-1.55431e-15 3.79734e-21
-2.66454e-15 4.18328e-21
-3.77476e-15 3.21174e-21
-2.22045e-15 1.5882e-21
0 0
0 0
-7.77156e-16 9.88987e-22
-9.99201e-16 1.23216e-21
-1.33227e-15 2.04183e-21
-2.66454e-15 2.58966e-21
-1.9984e-15 2.72661e-21
-1.9984e-15 3.43628e-21
-3.9968e-15 3.37403e-21
-3.10862e-15 4.70621e-21
-3.77476e-15 4.78091e-21
-4.21885e-15 4.6813e-21
-5.10703e-15 4.65639e-21
-3.55271e-15 2.96277e-21
-4.21885e-15 1.75924e-21
0 0
0 0
-6.66134e-16 9.27935e-22
0 1.53086e-21
-2.44249e-15 1.90487e-21
-3.10862e-15 2.07919e-21
-1.9984e-15 2.40289e-21
-2.88658e-15 2.9756e-21
-2.88658e-15 3.34911e-21
-3.77476e-15 4.07122e-21
-3.77476e-15 4.45718e-21
-4.44089e-15 4.60658e-21
-3.9968e-15 4.20817e-21
-3.10862e-15 3.68477e-21
-1.9984e-15 1.53933e-21
0 0
0 0
-6.66134e-16 5.85948e-22
-1.11022e-15 1.18206e-21
-1.9984e-15 1.15756e-21
-2.88658e-15 1.29448e-21
-8.88178e-16 1.70523e-21
-2.22045e-15 1.63055e-21
-1.9984e-15 2.35247e-21
-3.9968e-15 3.21131e-21
-2.88658e-15 4.10749e-21
-5.10703e-15 4.40622e-21
-3.55271e-15 3.28598e-21
-3.9968e-15 2.88731e-21
-8.88178e-16 1.58787e-21
0 0
0 0
0 7.23535e-23
6.66134e-16 1.83659e-22
-4.44089e-16 5.14372e-22
-8.88178e-16 5.51116e-22
4.44089e-16 9.43021e-22
-1.55431e-15 9.92009e-22
-6.66134e-16 1.51863e-21
-1.33227e-15 9.30774e-22
-1.33227e-15 2.40042e-21
-3.77476e-15 2.25345e-21
-6.66134e-16 1.81256e-21
-1.55431e-15 7.83712e-22
-8.88178e-16 3.61862e-22
0 0
0 0
0 0
0 0
0 0
0 0
0 0
0 0
0 0
0 0
0 0
0 0
0 0
0 0
0 0
0 0
0 0
0 0
0 0
0 0
0 0
0 0
0 0
0 0
0 0
0 0
0 0
0 0
0 0
0 0
0 0
0 0
1.11022e-16 4.76849e-22
-7.77156e-16 6.3281e-22
-3.88578e-16 7.8312e-22
-5.55112e-16 8.53784e-22
-9.99201e-16 9.36218e-22
-4.44089e-16 8.71448e-22
-1.11022e-16 8.6556e-22
-2.22045e-16 7.77238e-22
2.22045e-16 7.89014e-22
-1.11022e-16 3.41514e-22
8.88178e-16 3.1796e-22
-2.66454e-15 4.82742e-22
1.11022e-15 4.76916e-22
0 0
0 0
-6.10623e-16 6.96126e-22
-1.38778e-15 1.09143e-21
-6.66134e-16 1.4731e-21
-3.33067e-16 1.77278e-21
-1.33227e-15 1.64794e-21
-8.88178e-16 1.81023e-21
-1.66533e-15 1.94756e-21
-1.33227e-15 1.71036e-21
-1.11022e-16 1.11111e-21
-6.66134e-16 1.4357e-21
6.66134e-16 8.36437e-22
-8.88178e-16 4.99087e-22
-1.11022e-15 3.78851e-22
0 0
0 0
-1.11022e-16 7.65567e-22
-6.66134e-16 1.43511e-21
-1.11022e-15 2.29002e-21
-1.11022e-15 2.44704e-21
1.11022e-16 2.37176e-21
3.33067e-16 2.58509e-21
-9.99201e-16 2.83607e-21
2.22045e-16 2.44705e-21
-8.88178e-16 1.36784e-21
1.55431e-15 1.2549e-21
8.88178e-16 1.30505e-21
-1.55431e-15 8.90234e-22
-4.44089e-16 4.65843e-22
0 0
0 0
-8.88178e-16 9.43462e-22
-9.99201e-16 1.72447e-21
-1.44329e-15 2.69978e-21
-2.55351e-15 2.87582e-21
-2.22045e-16 3.44095e-21
6.66134e-16 2.9763e-21
-1.88738e-15 3.54142e-21
-8.88178e-16 2.85072e-21
1.11022e-15 2.75025e-21
4.44089e-16 1.94652e-21
6.66134e-16 1.2432e-21
-1.33227e-15 8.53166e-22
-2.22045e-16 1.59419e-22
0 0
0 0
-7.77156e-16 9.37371e-22
-2.22045e-16 1.59292e-21
-9.99201e-16 2.63729e-21
-3.33067e-16 3.24039e-21
0 3.66744e-21
-1.9984e-15 3.57952e-21
-1.55431e-15 4.08191e-21
0 3.69256e-21
-4.44089e-16 4.24519e-21
-4.44089e-16 2.77569e-21
1.33227e-15 1.51964e-21
-4.44089e-16 2.19585e-21
0 1.0424e-21
0 0
0 0
-8.88178e-16 1.11505e-21
-2.22045e-16 1.85634e-21
-8.88178e-16 2.92619e-21
0 3.54189e-21
-8.88178e-16 4.00663e-21
-6.66134e-16 3.85591e-21
4.44089e-16 4.27039e-21
0 4.08199e-21
-1.11022e-15 3.66751e-21
-6.66134e-16 2.73806e-21
0 2.00948e-21
4.44089e-16 2.05786e-21
1.11022e-15 6.00914e-22
0 0
0 0
-1.33227e-15 1.24984e-21
-2.22045e-16 1.80618e-21
-1.33227e-15 2.52432e-21
-8.88178e-16 3.51678e-21
-4.44089e-16 3.94384e-21
-8.88178e-16 3.84337e-21
-1.33227e-15 4.43369e-21
4.44089e-16 4.16993e-21
-2.22045e-15 4.42113e-21
-8.88178e-16 3.52935e-21
-1.33227e-15 3.54173e-21
-4.44089e-16 1.63123e-21
-3.10862e-15 1.42257e-21
0 0
0 0
-1.33227e-15 1.40913e-21
-3.33067e-16 1.90652e-21
-8.88178e-16 3.1397e-21
-6.66134e-16 3.80566e-21
-1.77636e-15 4.06945e-21
-1.55431e-15 3.94385e-21
-4.44089e-16 4.59697e-21
-6.66134e-16 5.30033e-21
-2.66454e-15 4.91097e-21
-3.55271e-15 4.27039e-21
-2.22045e-15 4.21993e-21
-1.9984e-15 3.0617e-21
-1.77636e-15 1.61879e-21
0 0
0 0
-3.33067e-16 1.6787e-21
-1.9984e-15 2.39569e-21
-1.33227e-15 2.4992e-21
-8.88178e-16 3.49166e-21
-1.55431e-15 3.66752e-21
-1.33227e-15 4.24529e-21
-1.11022e-15 4.89841e-21
-1.77636e-15 5.04913e-21
-3.10862e-15 5.80273e-21
-1.77636e-15 4.57183e-21
-3.33067e-15 5.37539e-21
-5.9952e-15 3.51342e-21
-2.44249e-15 1.9867e-21
0 0
0 0
-5.55112e-16 1.32335e-21
-8.88178e-16 1.88142e-21
-2.22045e-16 2.32336e-21
-1.33227e-15 3.15251e-21
-1.55431e-15 3.36605e-21
-2.66454e-15 4.65973e-21
-1.33227e-15 5.42588e-21
-3.33067e-15 5.3254e-21
-1.55431e-15 4.44621e-21
-2.88658e-15 5.65194e-21
-3.9968e-15 5.19951e-21
-4.44089e-15 3.46321e-21
-1.11022e-15 2.28102e-21
0 0
0 0
2.22045e-16 1.21302e-21
-1.33227e-15 1.16638e-21
-2.22045e-15 2.24778e-21
-1.55431e-15 1.9089e-21
-6.66134e-16 3.06431e-21
-1.55431e-15 3.08943e-21
-1.33227e-15 3.59177e-21
-4.44089e-15 5.82721e-21
-2.44249e-15 4.89787e-21
-3.33067e-15 6.02813e-21
-4.21885e-15 4.82226e-21
-4.21885e-15 4.31608e-21
-2.44249e-15 2.32997e-21
0 0
0 0
-2.22045e-16 8.81679e-22
-1.77636e-15 1.29041e-21
-1.11022e-15 1.74346e-21
0 1.54289e-21
-2.22045e-16 2.13247e-21
6.66134e-16 1.53036e-21
-3.55271e-15 1.73106e-21
-3.77476e-15 3.88862e-21
-2.88658e-15 4.79178e-21
4.44089e-16 4.36528e-21
-2.44249e-15 3.96369e-21
-2.88658e-15 3.2335e-21
-6.66134e-16 3.6766e-22
0 0
0 0
6.66134e-16 8.69641e-22
-2.22045e-16 5.03788e-22
-6.66134e-16 1.30339e-21
1.77636e-15 1.38952e-21
8.88178e-16 5.41055e-22
6.66134e-16 8.85363e-22
-1.11022e-15 9.3455e-22
-2.44249e-15 2.06585e-21
-1.77636e-15 2.55772e-21
-2.88658e-15 2.26259e-21
-4.44089e-16 2.87734e-21
-3.10862e-15 1.96638e-21
-3.10862e-15 1.88485e-21
0 0
0 0
0 0
0 0
0 0
0 0
0 0
0 0
0 0
0 0
0 0
0 0
0 0
0 0
0 0
0 0
0 0
0 0
0 0
0 0
0 0
0 0
0 0
0 0
0 0
0 0
0 0
0 0
0 0
0 0
0 0
0 0
1.66533e-16 4.12929e-22
0 5.12286e-22
0 7.30398e-22
-7.77156e-16 1.02493e-21
-1.11022e-16 1.13096e-21
-6.66134e-16 1.09562e-21
6.66134e-16 7.65755e-22
-9.99201e-16 9.6603e-22
-4.44089e-16 1.09562e-21
0 6.95069e-22
-8.88178e-16 4.00543e-22
4.44089e-16 3.76888e-22
-6.66134e-16 6.9801e-23
0 0
0 0
-2.22045e-16 5.31462e-22
-8.88178e-16 1.54204e-21
-4.44089e-16 1.55625e-21
-9.99201e-16 2.2127e-21
-5.55112e-16 2.42524e-21
2.22045e-16 1.98769e-21
-4.44089e-16 1.93769e-21
5.55112e-16 1.87518e-21
-6.66134e-16 1.73767e-21
2.22045e-16 1.21261e-21
-1.9984e-15 6.75023e-22
8.88178e-16 3.872e-22
1.33227e-15 -2.44524e-23
0 0
0 0
4.44089e-16 7.10878e-22
-6.66134e-16 1.99604e-21
-1.22125e-15 2.40788e-21
-1.11022e-16 3.10623e-21
-8.88178e-16 3.0434e-21
-6.66134e-16 2.98053e-21
-2.22045e-16 2.8925e-21
2.22045e-16 2.80446e-21
-1.11022e-15 2.22596e-21
2.22045e-16 1.53426e-21
8.88178e-16 5.53279e-22
-8.88178e-16 1.06754e-21
1.11022e-15 -2.08542e-22
0 0
0 0
-6.66134e-16 9.74775e-22
-1.11022e-15 2.37473e-21
-1.33227e-15 3.00833e-21
-5.55112e-16 3.4496e-21
-1.9984e-15 4.34358e-21
-1.33227e-15 4.33101e-21
-1.11022e-15 3.72668e-21
-1.55431e-15 3.41193e-21
0 3.23566e-21
1.33227e-15 2.58093e-21
-1.33227e-15 2.3288e-21
2.22045e-16 1.54621e-21
-1.33227e-15 6.38166e-22
0 0
0 0
-1.11022e-16 1.11585e-21
-8.88178e-16 2.72701e-21
-1.44329e-15 3.83997e-21
-1.77636e-15 4.20602e-21
-5.55112e-16 4.70988e-21
-6.66134e-16 4.86102e-21
-2.22045e-15 4.86102e-21
-1.9984e-15 4.62175e-21
-4.44089e-16 3.7528e-21
-6.66134e-16 1.9897e-21
-2.22045e-15 2.34193e-21
-1.11022e-15 1.53391e-21
6.66134e-16 2.2092e-22
0 0
0 0
-6.66134e-16 1.31206e-21
-1.77636e-15 2.52603e-21
-1.33227e-15 3.39949e-21
-1.55431e-15 4.38258e-21
-1.55431e-15 4.24418e-21
-1.9984e-15 4.11826e-21
-2.66454e-15 5.07541e-21
-6.66134e-16 4.86131e-21
-2.44249e-15 5.23912e-21
-6.66134e-16 3.19882e-21
-1.11022e-15 2.94646e-21
-2.22045e-16 2.01176e-21
-8.88178e-16 9.81878e-22
0 0
0 0
-1.55431e-15 1.3979e-21
-1.88738e-15 2.71456e-21
-2.55351e-15 3.00921e-21
-1.33227e-15 4.88639e-21
-1.33227e-15 4.50872e-21
-2.44249e-15 4.53393e-21
-1.77636e-15 6.00746e-21
2.22045e-16 4.65988e-21
-1.33227e-15 5.4407e-21
-2.44249e-15 4.40788e-21
-4.44089e-16 3.32425e-21
6.66134e-16 2.13751e-21
4.44089e-16 1.03098e-21
0 0
0 0
-4.44089e-16 1.25076e-21
-1.11022e-15 2.94078e-21
-6.66134e-16 3.21067e-21
-2.22045e-15 4.4834e-21
-1.55431e-15 4.83618e-21
-1.77636e-15 4.94955e-21
-8.88178e-16 4.89918e-21
-1.11022e-15 5.76819e-21
-6.66134e-16 4.91176e-21
2.22045e-16 5.31466e-21
0 4.13013e-21
-1.55431e-15 2.11237e-21
-2.44249e-15 1.98831e-21
0 0
0 0
-2.10942e-15 1.3979e-21
2.22045e-16 2.8905e-21
-6.66134e-16 2.49298e-21
-1.9984e-15 3.79071e-21
-1.11022e-15 3.879e-21
-2.22045e-15 5.83112e-21
-6.66134e-16 4.98731e-21
-2.88658e-15 5.91928e-21
-2.66454e-15 5.01248e-21
-1.9984e-15 6.32213e-21
-2.44249e-15 5.213e-21
-4.44089e-16 3.29428e-21
-2.44249e-15 2.08649e-21
0 0
0 0
-1.77636e-15 1.58182e-21
-1.33227e-15 2.41287e-21
-1.77636e-15 3.09721e-21
-4.44089e-16 3.03496e-21
-8.88178e-16 2.98468e-21
-1.55431e-15 4.00478e-21
4.44089e-16 5.06265e-21
-1.9984e-15 5.03746e-21
-2.22045e-15 6.01975e-21
-1.55431e-15 6.57373e-21
-3.9968e-15 4.58323e-21
-4.21885e-15 4.02342e-21
-2.22045e-15 2.9947e-21
0 0
0 0
4.44089e-16 1.05446e-21
-8.88178e-16 2.21136e-21
-6.66134e-16 2.29087e-21
-1.33227e-15 1.66187e-21
-4.44089e-16 3.42457e-21
-2.22045e-15 3.02169e-21
-4.44089e-16 4.5829e-21
-4.44089e-16 4.15483e-21
2.22045e-16 5.64048e-21
-3.10862e-15 6.77347e-21
-3.33067e-15 5.43808e-21
-4.44089e-16 3.99745e-21
-1.33227e-15 2.28264e-21
0 0
0 0
4.44089e-16 5.51346e-22
-2.22045e-16 1.14169e-21
-1.11022e-15 2.11111e-21
2.22045e-16 1.49564e-21
1.33227e-15 2.11154e-21
-1.33227e-15 2.33779e-21
-1.11022e-15 2.91595e-21
-6.66134e-16 4.47447e-21
-3.9968e-15 4.92694e-21
-2.66454e-15 5.40446e-21
-2.88658e-15 3.89575e-21
-1.33227e-15 3.48935e-21
-2.22045e-15 1.64318e-21
0 0
0 0
-2.22045e-16 4.22843e-22
-6.66134e-16 1.21723e-21
2.22045e-16 1.15679e-21
2.22045e-16 1.55072e-21
0 9.84596e-22
-1.11022e-15 5.90758e-22
-6.66134e-16 1.52613e-21
-1.9984e-15 2.33842e-21
-1.55431e-15 2.4861e-21
-4.44089e-16 2.87992e-21
-8.88178e-16 2.23979e-21
0 1.30357e-21
4.44089e-16 1.20855e-21
0 0
0 0
0 0
0 0
0 0
0 0
0 0
0 0
0 0
0 0
0 0
0 0
0 0
0 0
0 0
0 0
0 0
0 0
0 0
0 0
0 0
0 0
0 0
0 0
0 0
0 0
0 0
0 0
0 0
0 0
0 0
0 0
-1.66533e-16 2.96618e-22
-1.11022e-16 5.88873e-22
-3.33067e-16 7.59918e-22
-3.33067e-16 1.10162e-21
-6.66134e-16 1.33137e-21
-5.55112e-16 9.66127e-22
0 7.89396e-22
-4.44089e-16 8.24742e-22
1.33227e-15 1.06038e-21
-1.33227e-15 8.8365e-22
4.44089e-16 3.88797e-22
4.44089e-16 -1.88456e-22
-8.88178e-16 4.42083e-22
0 0
0 0
3.33067e-16 4.70414e-22
1.11022e-16 8.99221e-22
-4.44089e-16 1.55054e-21
5.55112e-16 2.16353e-21
-9.99201e-16 2.50123e-21
-9.99201e-16 2.07602e-21
7.77156e-16 1.65081e-21
1.11022e-15 1.80089e-21
6.66134e-16 2.50123e-21
8.88178e-16 1.33814e-21
8.88178e-16 6.12739e-22
2.22045e-16 -3.99793e-22
1.55431e-15 3.30138e-22
0 0
0 0
3.33067e-16 7.72273e-22
-1.11022e-16 2.00318e-21
-4.44089e-16 2.31502e-21
-3.33067e-16 2.89445e-21
-3.33067e-16 4.15305e-21
-1.11022e-15 3.02042e-21
-1.11022e-15 3.28471e-21
1.77636e-15 3.04559e-21
4.44089e-16 2.12687e-21
4.44089e-16 1.40949e-21
-2.22045e-16 1.61057e-21
2.22045e-15 2.63866e-22
-2.22045e-16 7.23883e-22
0 0
0 0
-9.99201e-16 1.36739e-21
-1.11022e-15 2.25032e-21
-1.22125e-15 2.87218e-21
-1.9984e-15 4.18356e-21
-1.55431e-15 4.92729e-21
-4.44089e-16 4.53668e-21
-1.9984e-15 4.72571e-21
-8.88178e-16 4.43586e-21
4.44089e-16 3.64192e-21
-1.9984e-15 2.52027e-21
-4.44089e-16 1.91496e-21
-4.44089e-16 1.50937e-21
-4.44089e-16 9.57448e-22
0 0
0 0
-3.33067e-16 1.47789e-21
-2.22045e-16 2.47717e-21
-1.33227e-15 3.54094e-21
-1.55431e-15 4.79008e-21
-2.66454e-15 4.84081e-21
-1.55431e-15 5.8872e-21
-1.55431e-15 4.63917e-21
-4.44089e-16 5.00475e-21
6.66134e-16 3.71887e-21
-2.44249e-15 3.85736e-21
-1.11022e-15 2.69693e-21
-1.33227e-15 2.34008e-21
-1.11022e-15 7.85671e-22
0 0
0 0
-2.22045e-16 1.45952e-21
-8.88178e-16 2.38928e-21
-1.9984e-15 3.55385e-21
-4.44089e-16 4.76535e-21
-1.11022e-15 5.18172e-21
-1.33227e-15 5.23222e-21
-1.11022e-15 5.72394e-21
-1.33227e-15 5.01789e-21
-4.44089e-16 4.51354e-21
-2.44249e-15 4.05946e-21
-2.22045e-16 2.62155e-21
-6.66134e-16 1.40917e-21
8.88178e-16 7.36582e-23
0 0
0 0
-8.88178e-16 1.86427e-21
-1.11022e-16 2.67855e-21
-1.33227e-15 3.3901e-21
-1.33227e-15 3.83256e-21
-2.22045e-15 5.74923e-21
-1.11022e-15 5.34586e-21
-2.66454e-15 5.61064e-21
-8.88178e-16 7.23709e-21
-2.66454e-15 5.32059e-21
-2.22045e-16 5.01774e-21
-1.9984e-15 3.37784e-21
-1.11022e-15 2.89387e-21
4.44089e-16 -1.96423e-22
0 0
0 0
-1.11022e-15 1.49632e-21
-6.66134e-16 3.15642e-21
-2.44249e-15 3.54134e-21
-1.11022e-15 4.12254e-21
-8.88178e-16 4.7154e-21
-3.55271e-15 6.01412e-21
-1.33227e-15 4.79113e-21
4.44089e-16 6.02673e-21
-1.33227e-15 5.72407e-21
-1.9984e-15 4.9169e-21
-3.55271e-15 3.95763e-21
2.22045e-16 2.76806e-21
1.11022e-15 1.47317e-21
0 0
0 0
6.66134e-16 1.30008e-21
0 2.95518e-21
-6.66134e-16 3.98237e-21
-2.22045e-16 2.82395e-21
-1.33227e-15 4.86661e-21
-2.22045e-16 4.94233e-21
-8.88178e-16 4.43802e-21
8.88178e-16 4.79104e-21
-2.22045e-16 4.9675e-21
-1.55431e-15 5.74888e-21
0 4.68859e-21
2.22045e-16 3.85007e-21
-1.9984e-15 2.03788e-21
0 0
0 0
-8.88178e-16 1.09155e-21
4.44089e-16 1.94906e-21
-1.33227e-15 3.09996e-21
-1.11022e-15 3.36576e-21
1.11022e-15 3.30295e-21
-4.44089e-16 3.8577e-21
8.88178e-16 4.28634e-21
-2.22045e-16 4.51326e-21
-3.9968e-15 6.20252e-21
-2.44249e-15 6.07615e-21
-1.11022e-15 6.30138e-21
-4.44089e-16 4.20213e-21
-1.33227e-15 2.1606e-21
0 0
0 0
1.33227e-15 7.97118e-22
-2.22045e-15 1.89826e-21
4.44089e-16 2.01553e-21
-1.77636e-15 2.49501e-21
1.55431e-15 2.67159e-21
-1.11022e-15 3.04968e-21
-4.44089e-16 4.25947e-21
-2.22045e-16 4.71314e-21
-3.10862e-15 6.50257e-21
-2.22045e-16 6.35107e-21
-1.9984e-15 4.96371e-21
-4.21885e-15 3.97456e-21
-1.33227e-15 1.9885e-21
0 0
0 0
1.55431e-15 4.6564e-22
-8.88178e-16 1.34294e-21
1.55431e-15 1.44591e-21
-1.55431e-15 1.45885e-21
-4.44089e-16 1.60983e-21
-2.66454e-15 2.16323e-21
-1.33227e-15 3.77308e-21
-1.33227e-15 3.82339e-21
-3.55271e-15 4.47736e-21
-4.44089e-15 5.00542e-21
-3.33067e-15 3.84766e-21
-5.77316e-15 3.96789e-21
-1.33227e-15 1.81512e-21
0 0
0 0
-4.44089e-16 6.04093e-23
2.66454e-15 7.62424e-22
6.66134e-16 8.6163e-22
-1.11022e-15 9.35592e-22
1.11022e-15 4.67805e-22
-8.88178e-16 8.37127e-22
-1.11022e-15 2.43752e-21
-3.10862e-15 2.58525e-21
-4.44089e-16 2.11743e-21
-8.88178e-16 3.39769e-21
1.33227e-15 2.33877e-21
-2.22045e-15 8.11787e-22
-3.10862e-15 4.35101e-22
0 0
0 0
0 0
0 0
0 0
0 0
0 0
0 0
0 0
0 0
0 0
0 0
0 0
0 0
0 0
0 0
0 0
0 0
0 0
0 0
0 0
0 0
0 0
0 0
0 0
0 0
0 0
0 0
0 0
0 0
0 0
0 0
7.77156e-16 1.97746e-22
3.33067e-16 6.0066e-22
-8.88178e-16 7.42265e-22
4.44089e-16 1.02507e-21
4.44089e-16 1.21359e-21
-9.99201e-16 1.39033e-21
0 1.28428e-21
8.88178e-16 1.21359e-21
-8.88178e-16 8.95464e-22
-4.44089e-16 8.83678e-22
6.66134e-16 3.88808e-22
4.44089e-16 3.53362e-22
-1.11022e-15 -3.72283e-22
0 0
0 0
7.77156e-16 7.75894e-22
5.55112e-16 8.0561e-22
-4.44089e-16 1.63825e-21
-1.22125e-15 2.1513e-21
3.33067e-16 2.66417e-21
-6.66134e-16 2.25142e-21
-8.88178e-16 2.60165e-21
-8.88178e-16 1.77612e-21
2.22045e-16 1.98875e-21
2.22045e-16 1.77609e-21
0 5.37771e-22
2.22045e-16 1.49934e-22
-8.88178e-16 9.78211e-23
0 0
0 0
8.88178e-16 9.37801e-22
-8.88178e-16 1.82132e-21
-9.99201e-16 2.71821e-21
-1.55431e-15 3.58752e-21
0 3.53735e-21
-1.11022e-15 3.92763e-21
2.22045e-16 3.07161e-21
-1.33227e-15 3.43668e-21
0 2.22816e-21
1.11022e-15 1.93855e-21
-4.44089e-16 1.15785e-21
1.55431e-15 4.52407e-22
1.55431e-15 9.07966e-22
0 0
0 0
-1.11022e-15 1.2203e-21
-9.99201e-16 2.21302e-21
-2.55351e-15 3.6417e-21
-1.44329e-15 4.33633e-21
-1.55431e-15 4.70225e-21
-1.11022e-15 4.89143e-21
-4.44089e-16 4.37457e-21
4.44089e-16 4.0846e-21
-2.22045e-16 3.29033e-21
4.44089e-16 2.67245e-21
-6.66134e-16 2.31883e-21
-2.66454e-15 1.28322e-21
2.22045e-15 8.10202e-22
0 0
0 0
-4.44089e-16 1.22654e-21
-5.55112e-16 2.77956e-21
-1.44329e-15 3.45394e-21
-2.44249e-15 4.439e-21
-1.33227e-15 6.02852e-21
-1.33227e-15 5.99081e-21
-8.88178e-16 5.56202e-21
-1.11022e-15 6.0791e-21
-1.77636e-15 4.64123e-21
-8.88178e-16 3.60679e-21
-1.9984e-15 2.37012e-21
-1.9984e-15 2.54198e-21
4.44089e-16 4.41974e-22
0 0
0 0
-6.66134e-16 1.38603e-21
-8.88178e-16 2.05023e-21
-1.33227e-15 3.90818e-21
-2.22045e-15 4.52788e-21
-1.77636e-15 6.19334e-21
-2.22045e-15 5.91599e-21
-2.44249e-15 6.1683e-21
-1.55431e-15 6.10521e-21
-1.55431e-15 5.60054e-21
6.66134e-16 3.40547e-21
4.44089e-16 3.00082e-21
2.22045e-16 1.63605e-21
-1.55431e-15 1.22774e-21
0 0
0 0
-2.22045e-16 1.17752e-21
-1.33227e-15 2.25153e-21
-1.11022e-15 3.3788e-21
-8.88178e-16 4.89384e-21
0 5.92873e-21
-1.55431e-15 5.71443e-21
-1.77636e-15 7.41745e-21
-3.10862e-15 6.02981e-21
2.22045e-16 7.11453e-21
0 5.52466e-21
-1.11022e-15 4.89227e-21
-2.88658e-15 2.11433e-21
6.66134e-16 1.69429e-21
0 0
0 0
-1.11022e-15 1.07939e-21
-4.44089e-16 1.32073e-21
-6.66134e-16 2.26935e-21
-2.22045e-16 4.41457e-21
-6.66134e-16 5.37373e-21
-4.44089e-16 4.49084e-21
-1.9984e-15 6.15602e-21
-1.55431e-15 6.83719e-21
-8.88178e-16 7.69484e-21
4.44089e-16 6.07968e-21
0 5.29577e-21
4.44089e-16 4.43003e-21
-1.9984e-15 1.57152e-21
0 0
0 0
-4.44089e-16 9.56729e-22
-2.22045e-16 2.33954e-21
-2.22045e-15 3.35351e-21
0 2.59821e-21
1.11022e-15 4.66718e-21
-6.66134e-16 3.15358e-21
-2.22045e-16 5.02052e-21
-1.33227e-15 5.77737e-21
-2.88658e-15 6.20613e-21
-1.11022e-15 6.91196e-21
1.33227e-15 6.20346e-21
8.88178e-16 3.77553e-21
1.9984e-15 1.71884e-21
0 0
0 0
4.44089e-16 1.39826e-21
0 1.50928e-21
-1.33227e-15 2.3573e-21
0 1.53856e-21
-8.88178e-16 3.7585e-21
1.55431e-15 2.92615e-21
1.33227e-15 4.28834e-21
-2.22045e-16 5.12077e-21
-2.22045e-16 6.40715e-21
-8.88178e-16 7.8696e-21
-1.77636e-15 5.24464e-21
6.66134e-16 3.4984e-21
8.88178e-16 1.98889e-21
0 0
0 0
-6.66134e-16 9.32067e-22
8.88178e-16 1.69742e-21
-1.11022e-15 1.8145e-21
0 2.26899e-21
-2.22045e-16 2.26918e-21
6.66134e-16 2.69786e-21
-6.66134e-16 3.55513e-21
-6.66134e-16 4.00897e-21
-4.88498e-15 3.85763e-21
-3.33067e-15 5.44571e-21
-3.77476e-15 4.48632e-21
-1.33227e-15 3.97533e-21
0 1.98863e-21
0 0
0 0
0 4.04386e-22
1.55431e-15 1.23013e-21
4.44089e-16 1.53421e-21
-2.22045e-16 2.08814e-21
1.33227e-15 1.48443e-21
2.22045e-16 1.35865e-21
-3.10862e-15 3.09471e-21
0 3.97531e-21
-1.77636e-15 5.43455e-21
-1.55431e-15 4.27699e-21
-3.10862e-15 3.11898e-21
-2.22045e-15 4.04375e-21
4.44089e-16 1.49631e-21
0 0
0 0
8.88178e-16 -4.71199e-22
-8.88178e-16 5.28802e-22
2.44249e-15 3.69297e-22
4.44089e-16 5.41706e-22
-2.22045e-16 0
-2.22045e-16 1.05882e-21
-2.22045e-16 1.79754e-21
-3.33067e-15 2.487e-21
-1.33227e-15 2.46236e-21
-1.33227e-15 2.31457e-21
-4.44089e-15 1.45261e-21
-8.88178e-16 2.06647e-21
8.88178e-16 2.41726e-22
0 0
0 0
0 0
0 0
0 0
0 0
0 0
0 0
0 0
0 0
0 0
0 0
0 0
0 0
0 0
0 0
0 0
0 0
0 0
0 0
0 0
0 0
0 0
0 0
0 0
0 0
0 0
0 0
0 0
0 0
0 0
0 0
1.11022e-15 3.54781e-22
-4.44089e-16 6.41886e-22
0 9.83805e-22
-1.11022e-16 1.19003e-21
-6.66134e-16 1.60243e-21
-1.33227e-15 1.19004e-21
-1.11022e-15 1.54352e-21
-8.88178e-16 1.15469e-21
1.55431e-15 9.30822e-22
-2.22045e-16 7.5408e-22
-6.66134e-16 7.30494e-22
-2.22045e-16 -3.41585e-22
8.88178e-16 -7.09665e-22
0 0
0 0
4.44089e-16 6.47602e-22
-4.44089e-16 1.62375e-21
-9.99201e-16 2.03852e-21
-1.11022e-16 2.98946e-21
-1.22125e-15 3.45236e-21
-6.66134e-16 2.6143e-21
-1.77636e-15 2.83946e-21
-1.55431e-15 2.68935e-21
8.88178e-16 2.11395e-21
-8.88178e-16 9.88154e-22
8.88178e-16 6.62861e-22
1.77636e-15 -1.87422e-22
3.33067e-15 -8.55942e-22
0 0
0 0
1.11022e-16 1.15235e-21
-8.88178e-16 1.95958e-21
-1.11022e-15 2.95756e-21
-4.44089e-16 3.41164e-21
-1.9984e-15 4.99817e-21
-2.22045e-16 4.48205e-21
-1.55431e-15 3.87774e-21
-1.9984e-15 3.91551e-21
6.66134e-16 3.16007e-21
1.11022e-15 2.08983e-21
1.33227e-15 8.81049e-22
2.22045e-16 3.77026e-22
8.88178e-16 4.908e-23
0 0
0 0
-1.11022e-16 1.60666e-21
-1.88738e-15 2.5527e-21
-2.10942e-15 3.25146e-21
-1.9984e-15 4.22353e-21
-1.55431e-15 4.80392e-21
-2.44249e-15 5.35883e-21
-1.55431e-15 4.77884e-21
-3.77476e-15 5.20753e-21
0 4.03482e-21
0 2.82417e-21
-8.88178e-16 1.78976e-21
1.9984e-15 1.66077e-21
8.88178e-16 6.38357e-22
0 0
0 0
-5.55112e-16 1.53322e-21
-8.88178e-16 2.41503e-21
-2.66454e-15 3.73182e-21
-2.22045e-15 5.39845e-21
-2.66454e-15 5.42429e-21
-1.55431e-15 5.86598e-21
-2.88658e-15 6.88784e-21
-2.44249e-15 6.25706e-21
-1.11022e-15 4.56654e-21
0 4.64181e-21
-4.44089e-16 3.30356e-21
4.44089e-16 2.4667e-21
1.33227e-15 5.64761e-22
0 0
0 0
-2.10942e-15 1.38607e-21
4.44089e-16 2.03785e-21
-1.11022e-15 4.17362e-21
-4.44089e-16 4.5793e-21
-1.9984e-15 6.01817e-21
-4.44089e-16 6.86373e-21
-2.44249e-15 5.29925e-21
-3.9968e-15 8.8068e-21
-1.77636e-15 6.25796e-21
-6.66134e-16 5.7527e-21
8.88178e-16 4.1363e-21
6.66134e-16 3.80107e-21
-3.55271e-15 1.93989e-21
0 0
0 0
1.77636e-15 1.12849e-21
1.55431e-15 2.76752e-21
0 3.6694e-21
0 4.93278e-21
-8.88178e-16 6.76295e-21
-1.33227e-15 5.90518e-21
-1.55431e-15 6.25854e-21
-2.66454e-15 7.92408e-21
-2.22045e-15 8.6809e-21
-2.22045e-15 7.24173e-21
4.44089e-16 4.76704e-21
-2.22045e-15 4.27946e-21
-3.55271e-15 2.72569e-21
0 0
0 0
8.88178e-16 3.31187e-22
6.66134e-16 2.00016e-21
-4.44089e-16 2.83718e-21
2.22045e-16 4.39032e-21
4.44089e-16 4.64325e-21
-4.44089e-16 6.5866e-21
-1.33227e-15 6.08193e-21
-2.88658e-15 8.50456e-21
-3.55271e-15 7.64631e-21
-1.55431e-15 7.84735e-21
8.88178e-16 4.5905e-21
-1.77636e-15 3.90187e-21
-4.21885e-15 3.09403e-21
0 0
0 0
2.22045e-16 6.37837e-22
4.44089e-16 2.0127e-21
-1.55431e-15 2.93796e-21
-8.88178e-16 3.91077e-21
2.66454e-15 3.58323e-21
1.11022e-15 4.6937e-21
-2.22045e-16 6.66208e-21
4.44089e-16 8.78178e-21
-2.22045e-15 7.49458e-21
-2.88658e-15 7.99843e-21
4.44089e-16 6.70897e-21
-4.44089e-16 5.03457e-21
-2.66454e-15 2.92212e-21
0 0
0 0
6.66134e-16 8.95402e-22
1.55431e-15 1.44652e-21
4.44089e-16 2.06767e-21
-4.44089e-16 3.22908e-21
0 2.27072e-21
-2.22045e-16 4.11266e-21
-2.22045e-15 6.20688e-21
-2.22045e-16 5.09668e-21
-1.9984e-15 7.59436e-21
-3.33067e-15 6.78633e-21
-1.33227e-15 6.65769e-21
-8.88178e-16 3.90146e-21
4.44089e-16 2.16083e-21
0 0
0 0
4.44089e-16 3.18871e-22
1.11022e-15 8.80205e-23
8.88178e-16 1.28542e-21
8.88178e-16 2.26933e-21
-4.44089e-16 1.66434e-21
1.77636e-15 2.42093e-21
8.88178e-16 2.79922e-21
-3.77476e-15 5.49754e-21
-1.9984e-15 6.12786e-21
-2.88658e-15 6.58124e-21
-4.44089e-15 5.19267e-21
-1.77636e-15 3.17043e-21
8.88178e-16 2.47971e-21
0 0
0 0
-2.22045e-16 3.67629e-22
-1.9984e-15 1.15486e-21
-8.88178e-16 6.03669e-22
6.66134e-16 1.03159e-21
1.55431e-15 1.33361e-21
1.77636e-15 1.38396e-21
-2.22045e-16 1.73625e-21
-2.44249e-15 4.12672e-21
-4.21885e-15 4.75573e-21
-2.66454e-15 4.20192e-21
-2.22045e-15 2.94313e-21
-4.44089e-15 2.43641e-21
1.77636e-15 1.17744e-21
0 0
0 0
-1.55431e-15 1.69149e-22
1.77636e-15 1.40196e-21
-1.33227e-15 1.2064e-21
6.66134e-16 1.72367e-22
-1.33227e-15 8.86484e-22
1.33227e-15 1.13274e-21
-8.88178e-16 1.37899e-21
-1.55431e-15 2.80722e-21
-2.66454e-15 2.88108e-21
-2.22045e-15 2.85638e-21
-3.10862e-15 2.36363e-21
-4.88498e-15 1.59908e-21
-4.44089e-16 3.14246e-22
0 0
0 0
0 0
0 0
0 0
0 0
0 0
0 0
0 0
0 0
0 0
0 0
0 0
0 0
0 0
0 0
0 0
0 0
0 0
0 0
0 0
0 0
0 0
0 0
0 0
0 0
0 0
0 0
0 0
0 0
0 0
0 0
5.55112e-16 3.25701e-22
-6.66134e-16 1.18955e-21
-5.55112e-16 1.19e-21
-1.55431e-15 1.94412e-21
-1.44329e-15 1.57887e-21
-6.66134e-16 1.72027e-21
-1.11022e-15 1.084e-21
1.33227e-15 1.11935e-21
6.66134e-16 7.1874e-22
-2.22045e-16 5.77345e-22
-4.44089e-16 -1.17822e-22
4.44089e-16 -9.42305e-23
4.44089e-16 -5.23524e-22
0 0
0 0
5.55112e-16 7.75902e-22
-8.88178e-16 1.46139e-21
-7.77156e-16 2.81395e-21
-1.66533e-15 3.21467e-21
-4.44089e-16 3.32735e-21
-1.77636e-15 3.06469e-21
-1.33227e-15 2.66441e-21
4.44089e-16 2.27663e-21
-4.44089e-16 1.65117e-21
-6.66134e-16 1.98886e-21
-1.33227e-15 1.30073e-21
8.88178e-16 -2.24908e-22
3.77476e-15 -6.35844e-22
0 0
0 0
-3.33067e-16 1.29946e-21
-1.11022e-15 2.03499e-21
-1.11022e-15 2.85697e-21
-8.88178e-16 4.45674e-21
-2.44249e-15 4.53258e-21
-2.44249e-15 4.35639e-21
-8.88178e-16 4.46972e-21
1.55431e-15 4.6208e-21
-1.11022e-15 3.24837e-21
-4.44089e-16 2.26618e-21
-1.9984e-15 1.10764e-21
1.33227e-15 2.01085e-22
2.66454e-15 0
0 0
0 0
-2.22045e-16 1.64347e-21
-1.22125e-15 2.80428e-21
-3.33067e-15 4.02043e-21
-2.66454e-15 4.57686e-21
-2.44249e-15 5.14477e-21
-1.77636e-15 4.95576e-21
-1.9984e-15 6.22942e-21
-4.44089e-16 5.49801e-21
-4.44089e-16 4.28734e-21
-2.22045e-16 3.75742e-21
-4.44089e-16 2.16799e-21
-6.66134e-16 2.39058e-21
6.66134e-16 1.22762e-22
0 0
0 0
-8.88178e-16 1.88895e-21
-4.44089e-16 3.44658e-21
-2.22045e-15 3.56816e-21
-1.33227e-15 5.10881e-21
-1.77636e-15 5.67717e-21
-2.88658e-15 6.37129e-21
-2.22045e-15 6.25779e-21
-2.88658e-15 5.17274e-21
-4.44089e-16 5.55107e-21
1.11022e-15 4.18811e-21
0 1.66451e-21
-1.11022e-15 3.29746e-21
3.33067e-15 1.49786e-21
0 0
0 0
-8.88178e-16 1.7786e-21
0 3.28334e-21
-1.11022e-15 3.7452e-21
-3.33067e-15 5.99282e-21
-2.22045e-16 7.01574e-21
-2.44249e-15 7.11699e-21
-8.88178e-16 6.96564e-21
-1.9984e-15 5.98132e-21
-2.66454e-15 6.13254e-21
-1.11022e-15 4.66826e-21
-6.66134e-16 4.51498e-21
0 3.90194e-21
4.44089e-16 2.57837e-21
0 0
0 0
-8.88178e-16 1.06717e-21
-2.22045e-16 2.40282e-21
-4.44089e-16 3.50577e-21
0 4.31508e-21
4.44089e-16 5.45143e-21
-4.44089e-16 6.08267e-21
-1.77636e-15 7.0166e-21
-2.88658e-15 8.63187e-21
-3.9968e-15 9.01012e-21
-4.44089e-15 6.86402e-21
-1.9984e-15 5.8521e-21
-2.22045e-15 3.85171e-21
-1.11022e-15 3.36419e-21
0 0
0 0
2.22045e-16 1.0549e-21
-2.22045e-16 2.15122e-21
2.22045e-16 3.31662e-21
1.77636e-15 3.30573e-21
-4.44089e-16 5.70386e-21
-8.88178e-16 5.67888e-21
-4.44089e-15 9.3892e-21
-3.55271e-15 9.28817e-21
-4.66294e-15 8.90924e-21
-3.9968e-15 7.11642e-21
-4.88498e-15 7.49174e-21
-2.22045e-16 5.00975e-21
-2.22045e-15 2.94674e-21
0 0
0 0
-1.55431e-15 1.9626e-22
6.66134e-16 1.05671e-21
-4.44089e-16 2.19418e-21
1.33227e-15 3.78501e-21
1.55431e-15 5.1736e-21
8.88178e-16 4.94668e-21
-1.33227e-15 6.71343e-21
-4.21885e-15 8.35387e-21
-3.33067e-15 8.30309e-21
-2.88658e-15 7.72171e-21
-6.66134e-16 6.15459e-21
1.33227e-15 4.12854e-21
-8.88178e-16 1.79258e-21
0 0
0 0
2.22045e-16 2.20786e-22
1.33227e-15 1.48431e-21
-1.11022e-15 1.99216e-21
1.55431e-15 1.74083e-21
1.33227e-15 2.80084e-21
2.88658e-15 1.69067e-21
-2.22045e-16 3.73465e-21
-6.66134e-16 7.54495e-21
-8.88178e-16 7.21667e-21
-5.32907e-15 7.77095e-21
1.33227e-15 4.464e-21
8.88178e-16 4.95883e-21
-8.88178e-16 1.62064e-21
0 0
0 0
-1.11022e-15 3.9246e-22
1.55431e-15 1.96166e-21
1.11022e-15 1.68878e-21
2.22045e-16 1.73994e-21
2.44249e-15 1.66448e-21
1.33227e-15 1.00881e-21
2.22045e-16 4.464e-21
-1.33227e-15 3.65693e-21
-3.9968e-15 5.97704e-21
-4.88498e-15 7.43909e-21
-1.33227e-15 5.74754e-21
1.33227e-15 3.14537e-21
0 1.25214e-21
0 0
0 0
0 6.86244e-22
1.33227e-15 1.25531e-22
-4.44089e-16 1.13191e-21
4.44089e-16 1.58519e-21
6.66134e-16 1.73629e-21
-4.44089e-16 9.81404e-22
1.11022e-15 2.96939e-21
-2.22045e-16 5.41031e-21
-3.9968e-15 4.88178e-21
-3.55271e-15 5.71183e-21
-2.66454e-15 5.10663e-21
-1.77636e-15 2.61228e-21
1.77636e-15 1.61899e-21
0 0
0 0
4.44089e-16 9.66569e-23
-1.11022e-15 1.96768e-22
6.66134e-16 1.15717e-21
-2.66454e-15 1.28046e-21
2.22045e-15 7.88e-22
2.66454e-15 6.89505e-22
2.22045e-16 1.42826e-21
-8.88178e-16 2.58565e-21
-1.33227e-15 2.68413e-21
-4.88498e-15 3.07805e-21
-3.10862e-15 2.78222e-21
-4.44089e-16 1.45148e-21
1.77636e-15 1.83713e-21
0 0
0 0
0 0
0 0
0 0
0 0
0 0
0 0
0 0
0 0
0 0
0 0
0 0
0 0
0 0
0 0
0 0
0 0
0 0
0 0
0 0
0 0
0 0
0 0
0 0
0 0
0 0
0 0
0 0
0 0
0 0
0 0
-7.77156e-16 2.21011e-22
-9.99201e-16 8.59776e-22
-9.99201e-16 1.13109e-21
-8.88178e-16 1.36678e-21
-4.44089e-16 1.67314e-21
-1.33227e-15 1.80275e-21
1.77636e-15 6.95178e-22
0 9.07266e-22
-8.88178e-16 7.30525e-22
2.22045e-16 4.83086e-22
-4.44089e-16 7.54062e-22
1.11022e-15 -2.0024e-22
-1.11022e-15 -6.98032e-23
0 0
0 0
-1.22125e-15 9.16421e-22
-1.33227e-15 1.7112e-21
-2.44249e-15 2.40126e-21
-1.55431e-15 2.9145e-21
-1.33227e-15 2.52681e-21
-6.66134e-16 2.87709e-21
-6.66134e-16 2.96466e-21
-2.22045e-16 1.71374e-21
1.55431e-15 1.41352e-21
0 1.37595e-21
1.11022e-15 1.25071e-22
2.44249e-15 -7.74687e-22
2.22045e-16 -7.09212e-22
0 0
0 0
-6.66134e-16 1.58142e-21
-8.88178e-16 2.58772e-21
-3.33067e-15 3.78838e-21
-2.88658e-15 3.67626e-21
-1.9984e-15 3.63875e-21
-8.88178e-16 4.00396e-21
-2.22045e-16 3.76474e-21
0 3.2485e-21
-2.22045e-15 4.07945e-21
-2.22045e-16 2.61875e-21
6.66134e-16 1.4601e-21
3.33067e-15 -5.27852e-22
-1.33227e-15 1.96322e-22
0 0
0 0
-1.11022e-15 1.90103e-21
-3.10862e-15 3.09355e-21
-2.44249e-15 3.32733e-21
0 3.34135e-21
-2.22045e-15 4.52707e-21
-8.88178e-16 4.47677e-21
-6.66134e-16 4.06065e-21
-2.22045e-15 4.86772e-21
-1.77636e-15 5.47289e-21
-2.22045e-16 4.48889e-21
0 1.89074e-21
1.33227e-15 4.02629e-22
2.22045e-16 1.9642e-22
0 0
0 0
-1.33227e-15 1.6559e-21
-8.88178e-16 2.56611e-21
-1.9984e-15 4.09785e-21
-2.22045e-16 4.71798e-21
-1.33227e-15 5.24851e-21
-1.77636e-15 6.13193e-21
-1.77636e-15 6.66192e-21
-1.11022e-15 6.13195e-21
-2.66454e-15 5.1981e-21
8.88178e-16 4.21353e-21
-1.55431e-15 3.15258e-21
2.22045e-16 1.93824e-21
2.22045e-16 1.57154e-21
0 0
0 0
-2.44249e-15 1.75408e-21
-1.33227e-15 2.277e-21
-1.11022e-15 3.1022e-21
-1.77636e-15 4.36552e-21
-1.11022e-15 4.18952e-21
-1.33227e-15 5.90599e-21
-1.55431e-15 6.71373e-21
-2.44249e-15 7.92516e-21
-3.77476e-15 6.38531e-21
-1.11022e-15 4.5171e-21
8.88178e-16 4.11157e-21
-2.22045e-15 2.29087e-21
-3.10862e-15 1.57159e-21
0 0
0 0
4.44089e-16 1.48423e-21
4.44089e-16 2.74254e-21
-1.55431e-15 3.90946e-21
-2.22045e-16 4.61816e-21
2.22045e-16 6.36044e-21
-2.44249e-15 7.44614e-21
-2.22045e-15 8.78403e-21
-3.55271e-15 8.78396e-21
-2.66454e-15 8.8593e-21
-1.55431e-15 6.38492e-21
-1.9984e-15 6.30642e-21
-2.22045e-15 2.81962e-21
-8.88178e-16 1.52249e-21
0 0
0 0
4.44089e-16 8.58649e-22
-2.22045e-16 1.91223e-21
-1.77636e-15 3.65726e-21
-2.22045e-16 3.43209e-21
0 5.83045e-21
-1.11022e-15 6.84041e-21
-1.77636e-15 8.02686e-21
-5.77316e-15 8.85975e-21
-5.77316e-15 8.88461e-21
-3.33067e-15 7.69729e-21
-3.33067e-15 7.84522e-21
-3.10862e-15 4.10356e-21
-6.21725e-15 1.15415e-21
0 0
0 0
6.66134e-16 6.86914e-22
-2.22045e-15 5.28368e-22
-8.88178e-16 2.6987e-21
-2.22045e-16 2.11972e-21
4.44089e-16 4.92154e-21
-8.88178e-16 4.36651e-21
-2.22045e-16 7.49636e-21
-4.88498e-15 9.94457e-21
-5.55112e-15 9.79273e-21
-1.9984e-15 7.94926e-21
-2.66454e-15 6.45753e-21
2.66454e-15 2.71885e-21
-8.88178e-16 1.32603e-21
0 0
0 0
0 4.53841e-22
-1.55431e-15 1.23275e-21
3.33067e-15 7.06104e-22
-8.88178e-16 7.06457e-22
3.10862e-15 3.8356e-21
2.22045e-16 4.51712e-21
2.22045e-16 6.10702e-21
-3.9968e-15 8.30245e-21
-3.9968e-15 8.65543e-21
-3.10862e-15 8.52825e-21
-1.77636e-15 7.79334e-21
-4.44089e-16 2.01377e-21
4.44089e-16 1.27688e-21
0 0
0 0
-2.44249e-15 3.67933e-22
0 5.28145e-22
4.44089e-16 9.57838e-22
2.66454e-15 1.46261e-21
2.66454e-15 2.7238e-21
1.55431e-15 3.10221e-21
-6.66134e-16 4.1111e-21
-2.44249e-15 5.90179e-21
-1.77636e-15 5.80073e-21
-5.32907e-15 7.61588e-21
-5.77316e-15 5.47038e-21
-1.33227e-15 3.06992e-21
8.88178e-16 1.84139e-21
0 0
0 0
-1.11022e-15 -2.08324e-22
-1.77636e-15 4.01702e-22
1.11022e-15 7.5462e-22
1.33227e-15 4.5292e-22
1.55431e-15 2.16413e-21
3.33067e-15 8.05275e-22
8.88178e-16 3.17079e-21
-3.10862e-15 4.93232e-21
-1.77636e-15 6.6434e-21
-3.55271e-15 5.66162e-21
-4.44089e-15 4.62874e-21
4.44089e-16 1.75828e-21
4.44089e-16 1.34916e-21
0 0
0 0
8.88178e-16 6.04106e-23
-1.33227e-15 1.03303e-21
2.22045e-16 3.44692e-22
-8.88178e-16 6.40234e-22
2.22045e-16 4.67879e-22
2.44249e-15 -4.67883e-22
3.10862e-15 1.74841e-21
-1.33227e-15 2.53642e-21
-4.88498e-15 3.79228e-21
-3.10862e-15 3.8168e-21
-3.55271e-15 2.19132e-21
-1.77636e-15 1.6729e-21
-1.77636e-15 7.49358e-22
0 0
0 0
0 0
0 0
0 0
0 0
0 0
0 0
0 0
0 0
0 0
0 0
0 0
0 0
0 0
0 0
0 0
0 0
0 0
0 0
0 0
0 0
0 0
0 0
0 0
0 0
0 0
0 0
0 0
0 0
0 0
0 0
-1.44329e-15 7.79356e-22
-2.33147e-15 1.08355e-21
-1.66533e-15 1.26069e-21
-4.44089e-16 9.54389e-22
4.44089e-16 1.17827e-21
0 5.18438e-22
2.22045e-16 -9.42615e-23
2.44249e-15 -2.94567e-22
1.11022e-15 1.17827e-22
1.55431e-15 2.23869e-22
2.22045e-15 -2.59209e-22
-8.88178e-16 -8.24518e-22
1.55431e-15 -6.74764e-22
0 0
0 0
-1.44329e-15 1.49071e-21
-3.66374e-15 2.13588e-21
-1.9984e-15 1.88849e-21
-1.9984e-15 1.8888e-21
0 2.11403e-21
1.55431e-15 1.42604e-21
1.77636e-15 1.83885e-21
-6.66134e-16 1.66372e-21
1.33227e-15 5.25381e-22
6.66134e-16 4.00279e-22
6.66134e-16 3.75214e-22
1.55431e-15 -7.74688e-22
1.33227e-15 -8.80401e-22
0 0
0 0
-1.33227e-15 1.55691e-21
-3.77476e-15 3.0902e-21
-1.55431e-15 2.45428e-21
-1.77636e-15 2.80758e-21
-2.22045e-16 3.38697e-21
6.66134e-16 2.60639e-21
-2.22045e-16 3.12264e-21
-4.44089e-16 3.14781e-21
-1.11022e-15 1.71238e-21
8.88178e-16 1.13313e-21
2.66454e-15 -3.77615e-22
4.44089e-16 -4.77582e-22
6.66134e-16 -4.66265e-22
0 0
0 0
-4.44089e-16 1.98689e-21
-3.77476e-15 2.47737e-21
-2.22045e-15 4.1214e-21
-3.10862e-15 3.61881e-21
-4.44089e-16 4.36323e-21
-2.22045e-16 3.40495e-21
-2.22045e-15 4.03553e-21
-1.33227e-15 3.6824e-21
-2.22045e-16 3.07699e-21
0 1.84098e-21
4.44089e-16 -5.54624e-22
2.22045e-15 7.04606e-22
4.44089e-16 6.13814e-22
0 0
0 0
-1.33227e-15 1.37379e-21
-2.44249e-15 2.81771e-21
4.44089e-16 4.37531e-21
-4.44089e-16 3.69625e-21
2.22045e-16 4.46641e-21
0 4.18902e-21
-1.77636e-15 5.09754e-21
-1.77636e-15 5.12273e-21
4.44089e-16 5.29919e-21
-1.11022e-15 2.95206e-21
8.88178e-16 2.06813e-21
-2.66454e-15 1.56068e-21
-2.22045e-16 4.17441e-22
0 0
0 0
-2.22045e-16 8.21844e-22
-4.44089e-16 2.61669e-21
-1.9984e-15 3.25359e-21
-6.66134e-16 4.41611e-21
-4.44089e-16 3.53345e-21
-4.44089e-16 5.45188e-21
-3.55271e-15 8.17793e-21
-3.55271e-15 6.84012e-21
-1.55431e-15 5.70407e-21
-3.55271e-15 5.45096e-21
0 2.85041e-21
2.22045e-16 1.76222e-21
1.77636e-15 1.66982e-21
0 0
0 0
-1.55431e-15 8.46384e-22
-8.88178e-16 1.44677e-21
-6.66134e-16 2.57273e-21
-1.33227e-15 4.36593e-21
-1.11022e-15 5.75489e-21
4.44089e-16 5.60376e-21
-1.77636e-15 8.38052e-21
-3.55271e-15 8.25422e-21
-2.22045e-15 7.47137e-21
-2.44249e-15 7.09177e-21
-1.11022e-15 4.81821e-21
-3.10862e-15 2.61825e-21
-1.33227e-15 1.3506e-21
0 0
0 0
0 4.66125e-22
-1.11022e-15 2.08838e-21
-2.22045e-16 2.16918e-21
4.44089e-16 3.50791e-21
-1.11022e-15 3.2056e-21
-1.11022e-15 5.47759e-21
-1.55431e-15 6.71457e-21
-2.44249e-15 9.06205e-21
-2.44249e-15 9.26356e-21
-2.22045e-15 5.95612e-21
-2.66454e-15 5.24708e-21
-4.44089e-16 1.68676e-21
0 6.38466e-22
0 0
0 0
0 2.6986e-22
-6.66134e-16 1.48448e-21
8.88178e-16 2.47175e-21
-2.22045e-16 2.97778e-21
1.11022e-15 4.26548e-21
0 5.88112e-21
-3.33067e-15 7.52189e-21
-2.22045e-16 7.79946e-21
-1.11022e-15 8.70775e-21
-2.22045e-15 7.94948e-21
-3.10862e-15 5.34775e-21
-2.22045e-15 3.57483e-21
-2.66454e-15 2.21006e-21
0 0
0 0
-3.55271e-15 4.78374e-22
-1.33227e-15 5.03167e-22
-8.88178e-16 1.36179e-21
3.77476e-15 1.66526e-21
6.66134e-16 1.89262e-21
-4.44089e-16 4.31537e-21
-1.77636e-15 5.27441e-21
2.22045e-16 5.80433e-21
-4.44089e-15 7.5958e-21
-4.44089e-15 6.30803e-21
-2.22045e-15 5.42264e-21
-2.66454e-15 3.75069e-21
-3.10862e-15 3.16764e-21
0 0
0 0
-1.11022e-15 -6.13222e-22
-6.66134e-16 4.77848e-22
1.9984e-15 -6.30164e-22
3.55271e-15 2.2696e-22
1.77636e-15 1.74024e-21
-4.44089e-16 3.48061e-21
-1.9984e-15 3.70764e-21
-8.88178e-16 4.59038e-21
-3.10862e-15 6.3305e-21
-3.55271e-15 6.10289e-21
-6.21725e-15 4.08393e-21
-4.44089e-16 2.0634e-21
-2.22045e-15 2.13602e-21
0 0
0 0
-1.55431e-15 -2.69597e-22
-2.22045e-16 2.51064e-23
1.33227e-15 -9.30705e-22
3.33067e-15 9.56174e-22
-4.44089e-16 5.03291e-23
1.11022e-15 6.79459e-22
-1.33227e-15 3.045e-21
-1.77636e-15 2.94433e-21
-3.55271e-15 4.90712e-21
-1.33227e-15 4.10157e-21
-6.66134e-15 4.83002e-21
8.88178e-16 2.23553e-21
-4.44089e-16 1.81524e-21
0 0
0 0
-2.66454e-15 1.6915e-22
6.66134e-16 5.6571e-22
-1.77636e-15 -1.23105e-22
2.88658e-15 6.40236e-22
2.88658e-15 1.08351e-21
2.66454e-15 2.95506e-22
3.10862e-15 2.95507e-22
-5.77316e-15 2.19167e-21
-3.55271e-15 3.91543e-21
-1.33227e-15 2.93033e-21
-2.22045e-15 2.75762e-21
-1.33227e-15 3.4442e-22
-1.77636e-15 7.49358e-22
0 0
0 0
0 0
0 0
0 0
0 0
0 0
0 0
0 0
0 0
0 0
0 0
0 0
0 0
0 0
0 0
0 0
0 0
0 0
0 0
0 0
0 0
0 0
0 0
0 0
0 0
0 0
0 0
0 0
0 0
0 0
0 0
-1.22125e-15 6.28137e-22
-1.77636e-15 7.53777e-22
-1.9984e-15 1.34317e-21
4.44089e-16 6.8339e-22
-1.33227e-15 6.95178e-22
6.66134e-16 6.59831e-22
1.77636e-15 3.53481e-22
2.22045e-16 2.35654e-22
4.44089e-16 -9.42614e-23
2.44249e-15 -5.53782e-22
-1.33227e-15 -7.54063e-22
6.66134e-16 -9.42306e-22
2.88658e-15 -1.53567e-21
0 0
0 0
-2.44249e-15 1.36852e-21
-2.22045e-15 1.74868e-21
-1.9984e-15 1.76343e-21
-8.88178e-16 1.03822e-21
-2.22045e-16 8.50617e-22
2.22045e-16 1.20088e-21
2.66454e-15 6.12952e-22
6.66134e-16 4.7535e-22
1.11022e-15 -1.50109e-22
2.88658e-15 -3.0021e-22
2.88658e-15 -1.37579e-21
1.33227e-15 -1.27449e-21
1.11022e-15 -1.63852e-21
0 0
0 0
-1.9984e-15 1.70402e-21
-1.33227e-15 1.82147e-21
-1.11022e-15 2.86963e-21
-1.9984e-15 2.56838e-21
-8.88178e-16 2.15307e-21
6.66134e-16 1.71242e-21
1.11022e-15 2.46791e-21
-1.9984e-15 2.7701e-21
-8.88178e-16 2.2664e-22
3.10862e-15 -1.00723e-21
2.88658e-15 -5.28663e-22
3.33067e-15 -2.38792e-21
1.77636e-15 -1.20247e-21
0 0
0 0
-2.44249e-15 1.27553e-21
-1.33227e-15 2.38935e-21
-1.55431e-15 2.60898e-21
4.44089e-16 3.55579e-21
-1.55431e-15 4.23717e-21
4.44089e-16 2.42132e-21
-1.11022e-15 3.53113e-21
-1.33227e-15 2.14389e-21
-1.11022e-15 1.84117e-21
2.88658e-15 3.27849e-22
8.88178e-16 -5.29417e-22
3.55271e-15 -4.78127e-22
0 7.36578e-23
0 0
0 0
-1.55431e-15 1.82763e-21
-2.22045e-15 2.2894e-21
-1.77636e-15 2.66051e-21
-1.55431e-15 3.7846e-21
0 4.01225e-21
-6.66134e-16 4.3405e-21
-2.66454e-15 4.21437e-21
-2.66454e-15 4.76952e-21
-2.22045e-15 3.45714e-21
1.33227e-15 2.59886e-21
-1.77636e-15 1.71505e-21
-8.88178e-16 -1.51034e-22
-8.88178e-16 3.6833e-22
0 0
0 0
0 1.85222e-21
-3.33067e-15 2.01285e-21
-6.66134e-16 3.73283e-21
-1.33227e-15 3.78529e-21
-6.66134e-16 4.89643e-21
-4.21885e-15 5.65392e-21
-6.66134e-16 6.05786e-21
-1.55431e-15 6.38593e-21
-2.66454e-15 6.8652e-21
-6.66134e-16 4.18923e-21
-8.88178e-16 2.49729e-21
4.44089e-16 6.29369e-22
1.77636e-15 8.59466e-22
0 0
0 0
-8.88178e-16 1.54557e-21
-1.33227e-15 1.13226e-21
-1.55431e-15 2.92588e-21
-1.11022e-15 3.25557e-21
-1.55431e-15 4.87156e-21
-2.44249e-15 5.2e-21
-5.32907e-15 6.26029e-21
-2.66454e-15 7.97674e-21
-3.10862e-15 6.94145e-21
-2.44249e-15 5.35046e-21
0 3.00195e-21
-4.44089e-16 8.81146e-22
8.88178e-16 2.03818e-21
0 0
0 0
8.88178e-16 9.81317e-22
-4.44089e-16 1.25807e-22
-8.88178e-16 1.89174e-21
-2.22045e-15 1.74136e-21
8.88178e-16 3.98815e-21
-8.88178e-16 5.14956e-21
-2.88658e-15 6.73997e-21
0 7.19427e-21
-3.33067e-15 7.39585e-21
-3.10862e-15 6.00669e-21
-8.88178e-16 2.95151e-21
-1.77636e-15 2.41686e-21
4.44089e-16 1.44883e-21
0 0
0 0
0 7.48248e-22
-1.11022e-15 7.29662e-22
-2.22045e-16 2.44655e-21
1.9984e-15 1.61509e-21
4.44089e-16 2.1454e-21
-3.10862e-15 5.09876e-21
-1.55431e-15 5.12408e-21
-4.44089e-16 8.35494e-21
-8.88178e-16 4.8209e-21
-1.33227e-15 3.12937e-21
-2.22045e-15 4.08653e-21
-1.33227e-15 2.9203e-21
-4.88498e-15 8.84024e-22
0 0
0 0
-2.66454e-15 4.04778e-22
-1.33227e-15 2.51585e-22
4.44089e-16 1.16006e-21
8.88178e-16 5.04629e-23
3.33067e-15 2.39735e-21
-1.11022e-15 5.40062e-21
-8.88178e-16 4.0379e-21
8.88178e-16 5.93061e-21
-1.33227e-15 5.02188e-21
-3.10862e-15 5.07172e-21
-3.55271e-15 3.1275e-21
-3.55271e-15 1.93828e-21
-2.66454e-15 2.62743e-21
0 0
0 0
-1.33227e-15 7.35867e-23
-3.55271e-15 -1.7605e-22
1.55431e-15 -4.03307e-22
2.88658e-15 5.0436e-23
1.33227e-15 2.04291e-21
2.66454e-15 1.7151e-21
-8.88178e-16 3.95991e-21
-2.22045e-15 4.51477e-21
-3.10862e-15 4.81728e-21
-1.77636e-15 4.11066e-21
-4.44089e-15 4.31084e-21
-1.77636e-15 3.12028e-21
-3.55271e-15 1.52222e-21
0 0
0 0
8.88178e-16 -4.41158e-22
-8.88178e-16 -6.77875e-22
2.22045e-15 -4.77931e-22
2.22045e-15 -1.63557e-21
2.66454e-15 3.01976e-21
8.88178e-16 1.28343e-21
2.66454e-15 1.86225e-21
-4.44089e-16 3.47282e-21
-1.33227e-15 3.39726e-21
-2.22045e-15 4.35322e-21
-3.55271e-15 2.1383e-21
4.44089e-16 2.03459e-21
3.55271e-15 8.34028e-22
0 0
0 0
4.44089e-16 9.6657e-23
-4.44089e-16 -8.60863e-22
3.33067e-15 -2.21588e-22
-1.9984e-15 9.84981e-23
0 8.86512e-22
8.88178e-16 1.0589e-21
2.66454e-15 5.17138e-22
-3.10862e-15 1.42828e-21
-4.44089e-15 9.85015e-22
1.33227e-15 4.26007e-21
-2.66454e-15 7.14028e-22
1.33227e-15 8.85653e-22
2.66454e-15 9.66914e-23
0 0
0 0
0 0
0 0
0 0
0 0
0 0
0 0
0 0
0 0
0 0
0 0
0 0
0 0
0 0
0 0
0 0
0 0
0 0
0 0
0 0
0 0
0 0
0 0
0 0
0 0
0 0
0 0
0 0
0 0
0 0
0 0
-7.77156e-16 2.6754e-22
-6.66134e-16 4.23999e-22
-2.22045e-16 5.06633e-22
-1.77636e-15 7.89434e-22
1.55431e-15 -4.71307e-23
8.88178e-16 2.12089e-22
-6.66134e-16 1.06044e-22
1.11022e-15 5.42004e-22
2.22045e-16 -3.77046e-22
1.33227e-15 -2.82782e-22
6.66134e-16 -4.7129e-22
-1.55431e-15 -1.60192e-21
1.77636e-15 -7.67835e-22
0 0
0 0
-1.11022e-15 8.43108e-22
-1.33227e-15 6.12038e-22
-1.55431e-15 1.08807e-21
-2.22045e-16 1.52606e-21
-4.44089e-16 1.2384e-21
6.66134e-16 0
1.77636e-15 4.50333e-22
2.22045e-16 7.50553e-23
8.88178e-16 -9.75712e-22
3.9968e-15 -1.47604e-21
1.9984e-15 -1.4008e-21
2.66454e-15 -1.67433e-21
2.66454e-15 -1.5407e-21
0 0
0 0
-2.22045e-15 1.81435e-21
-1.55431e-15 1.30643e-21
-1.11022e-15 2.50464e-21
1.33227e-15 1.48564e-21
8.88178e-16 1.63684e-21
8.88178e-16 1.56133e-21
2.22045e-16 1.41024e-21
-4.44089e-16 3.77742e-22
2.22045e-16 1.00729e-22
2.88658e-15 -4.02893e-22
2.22045e-16 -6.7971e-22
2.44249e-15 -2.48846e-21
3.10862e-15 -1.30064e-21
0 0
0 0
-6.66134e-16 1.0425e-21
-2.44249e-15 1.65997e-21
-4.44089e-16 2.91147e-21
-1.55431e-15 2.54707e-21
4.44089e-16 1.51328e-21
0 2.57267e-21
1.11022e-15 1.48813e-21
-6.66134e-16 2.3709e-21
1.33227e-15 8.57536e-22
2.66454e-15 5.80043e-22
1.55431e-15 5.29419e-22
-1.33227e-15 -1.2834e-21
1.33227e-15 -4.17394e-22
0 0
0 0
6.66134e-16 9.07684e-22
-1.11022e-15 1.98751e-21
-6.66134e-16 2.32008e-21
-2.22045e-16 3.00247e-21
1.11022e-15 3.40666e-21
-2.88658e-15 2.87687e-21
-1.11022e-15 2.22077e-21
-1.9984e-15 1.53938e-21
-6.66134e-16 1.1608e-21
1.11022e-15 2.34656e-21
8.88178e-16 -2.52214e-23
-4.44089e-16 8.30688e-22
-8.88178e-16 2.45554e-22
0 0
0 0
1.77636e-15 1.69276e-21
-8.88178e-16 2.44058e-21
-2.66454e-15 2.85008e-21
-6.66134e-16 7.57065e-22
-1.9984e-15 4.13929e-21
-4.44089e-16 2.9532e-21
-3.33067e-15 4.06386e-21
-4.21885e-15 3.40755e-21
-1.33227e-15 3.98791e-21
-4.44089e-16 3.25551e-21
-2.22045e-15 2.04325e-21
8.88178e-16 7.55245e-22
-4.44089e-16 -7.36686e-22
0 0
0 0
1.55431e-15 1.42291e-21
-1.33227e-15 6.29035e-22
-1.11022e-15 3.00157e-21
-6.66134e-16 3.15465e-21
-6.66134e-16 2.14553e-21
4.44089e-16 3.78645e-21
-2.44249e-15 4.19041e-21
-6.66134e-16 6.03311e-21
-4.44089e-16 5.95709e-21
-3.10862e-15 4.0886e-21
-2.22045e-15 2.85061e-21
8.88178e-16 3.02108e-22
-1.33227e-15 -4.91129e-22
0 0
0 0
1.77636e-15 8.83186e-22
8.88178e-16 7.80005e-22
-4.44089e-16 9.83712e-22
-6.66134e-16 2.11994e-21
-3.33067e-15 2.297e-21
-1.11022e-15 3.63503e-21
-1.9984e-15 5.85653e-21
-3.33067e-15 5.95744e-21
-1.77636e-15 6.99206e-21
4.44089e-16 4.03815e-21
-2.22045e-15 2.32086e-21
4.44089e-16 8.05623e-22
8.88178e-16 1.64528e-21
0 0
0 0
1.77636e-15 7.35983e-22
6.66134e-16 4.02573e-22
-4.44089e-16 8.32336e-22
2.22045e-16 2.29648e-21
-2.22045e-16 1.84254e-21
-3.55271e-15 3.91246e-21
-1.33227e-15 5.50277e-21
-8.88178e-16 3.93772e-21
-1.77636e-15 5.40148e-21
-4.44089e-16 3.38176e-21
-1.77636e-15 3.25411e-21
-8.88178e-16 7.04901e-22
4.44089e-16 1.42426e-21
0 0
0 0
-8.88178e-16 4.9064e-23
-2.44249e-15 2.51585e-23
3.33067e-15 -1.56356e-21
1.55431e-15 1.26158e-22
-6.66134e-16 1.28701e-21
-1.33227e-15 2.75081e-21
1.33227e-15 5.35027e-21
4.44089e-16 3.58364e-21
-2.22045e-15 4.23961e-21
-1.77636e-15 2.47279e-21
4.44089e-16 3.65718e-21
-3.55271e-15 2.19001e-21
-1.33227e-15 1.17866e-21
0 0
0 0
-8.88178e-16 -1.96231e-22
2.22045e-15 8.8025e-22
8.88178e-16 -1.61323e-21
3.55271e-15 2.52181e-23
-1.33227e-15 -4.28761e-22
-3.10862e-15 2.47178e-21
-8.88178e-16 3.37982e-21
-4.44089e-16 3.63202e-21
-1.77636e-15 3.32924e-21
2.22045e-15 3.53065e-21
-3.9968e-15 4.10918e-21
-3.55271e-15 1.61047e-21
4.44089e-16 4.41935e-22
0 0
0 0
0 -9.80352e-23
2.22045e-15 -1.75746e-22
1.9984e-15 -1.45895e-21
3.55271e-15 2.51626e-22
1.33227e-15 4.52966e-22
8.88178e-16 5.03309e-22
-4.44089e-16 1.88742e-21
-1.77636e-15 1.96291e-21
-4.44089e-16 1.05693e-21
1.77636e-15 2.01305e-21
-2.66454e-15 3.01878e-21
-1.77636e-15 2.51184e-21
4.44089e-16 1.37369e-21
0 0
0 0
4.44089e-16 -5.55778e-22
1.33227e-15 -2.21365e-22
2.22045e-15 -8.61733e-22
3.9968e-15 -5.17115e-22
8.88178e-16 -3.2013e-22
1.33227e-15 7.88019e-22
2.66454e-15 7.14144e-22
2.22045e-15 4.67887e-22
-1.33227e-15 9.35765e-22
-8.88178e-16 1.45286e-21
-4.44089e-16 1.822e-21
-4.44089e-16 5.16631e-22
7.10543e-15 -6.28494e-22
0 0
0 0
0 0
0 0
0 0
0 0
0 0
0 0
0 0
0 0
0 0
0 0
0 0
0 0
0 0
0 0
0 0
0 0
0 0
0 0
0 0
0 0
0 0
0 0
0 0
0 0
0 0
0 0
0 0
0 0
0 0
0 0
4.44089e-16 1.6285e-22
-1.9984e-15 1.88444e-22
-1.77636e-15 6.24455e-22
-1.9984e-15 1.76739e-22
4.44089e-16 2.71002e-22
1.11022e-15 1.17827e-23
1.77636e-15 8.24789e-23
3.10862e-15 -5.6557e-22
-4.44089e-16 -9.30832e-22
0 -3.29913e-22
1.9984e-15 -5.18419e-22
8.88178e-16 -3.53365e-22
2.88658e-15 -3.02481e-22
0 0
0 0
0 1.71065e-22
-2.22045e-16 5.24604e-22
6.66134e-16 5.62797e-22
-1.77636e-15 8.38081e-22
6.66134e-16 8.00583e-22
4.44089e-16 -5.00369e-23
2.88658e-15 -1.50111e-22
4.44089e-16 2.50185e-22
2.22045e-16 -1.376e-21
-2.22045e-16 1.75123e-22
-2.22045e-16 -9.00517e-22
0 -1.07457e-21
0 -6.84757e-22
0 0
0 0
-1.55431e-15 6.25215e-22
-1.77636e-15 7.53711e-22
-4.44089e-16 5.5379e-22
8.88178e-16 8.56131e-22
1.55431e-15 1.10802e-21
-4.44089e-16 5.79204e-22
-2.22045e-16 2.01463e-22
1.55431e-15 7.30302e-22
2.22045e-15 -4.28101e-22
-6.66134e-16 4.53255e-22
2.88658e-15 -8.30758e-22
1.77636e-15 -3.01632e-22
2.66454e-15 -9.32531e-22
0 0
0 0
-1.9984e-15 1.11609e-21
0 7.41957e-22
-1.33227e-15 5.2936e-22
0 1.96705e-21
-2.22045e-16 -6.30537e-22
1.77636e-15 9.83673e-22
-4.44089e-16 1.1098e-21
6.66134e-16 5.04449e-22
2.22045e-16 -2.52217e-22
2.22045e-16 2.01755e-21
8.88178e-16 5.2942e-22
-1.33227e-15 5.53622e-22
4.44089e-16 -1.32584e-21
0 0
0 0
-1.9984e-15 8.83152e-22
-2.22045e-16 -5.03167e-23
-1.33227e-15 1.26091e-21
6.66134e-16 3.10341e-21
-1.33227e-15 9.33681e-22
1.11022e-15 9.33725e-22
8.88178e-16 2.39743e-21
-6.66134e-16 1.71604e-21
6.66134e-16 3.28054e-22
-4.44089e-16 1.26159e-22
8.88178e-16 8.32308e-22
0 -2.76896e-22
2.66454e-15 -3.43775e-22
0 0
0 0
-8.88178e-16 1.63143e-21
-1.33227e-15 1.05675e-21
-4.44089e-16 7.31439e-22
-4.44089e-16 1.71602e-21
-2.22045e-15 2.01918e-22
-2.22045e-16 6.81511e-22
1.55431e-15 2.44843e-21
-1.9984e-15 2.42316e-21
0 3.23073e-21
-8.88178e-16 1.56467e-21
-8.88178e-16 6.30634e-22
-4.44089e-16 1.28392e-21
1.33227e-15 -2.45562e-22
0 0
0 0
8.88178e-16 8.58653e-22
-1.55431e-15 1.03162e-21
1.9984e-15 2.39622e-21
0 5.55221e-22
-2.88658e-15 2.29699e-21
-4.44089e-16 2.42335e-21
-2.22045e-16 3.30691e-21
-4.44089e-16 2.49909e-21
0 2.85235e-21
4.44089e-16 2.95289e-21
-1.33227e-15 2.14427e-21
-1.33227e-15 4.27987e-22
1.33227e-15 -4.91129e-22
0 0
0 0
-1.11022e-15 4.66126e-22
-6.66134e-16 -4.02584e-22
-2.22045e-16 1.94221e-21
2.22045e-16 5.04749e-22
-6.66134e-16 2.14556e-21
-1.33227e-15 3.53408e-21
-8.88178e-16 2.4739e-21
0 3.40788e-21
-1.77636e-15 4.01352e-21
-2.22045e-15 2.01908e-21
-2.66454e-15 1.66497e-21
2.66454e-15 4.27988e-22
2.22045e-15 1.22782e-22
0 0
0 0
-8.88178e-16 1.22664e-22
-1.77636e-15 5.78699e-22
0 7.56672e-22
6.66134e-16 -2.52361e-23
-2.22045e-16 9.33893e-22
-1.77636e-15 3.10474e-21
-4.44089e-16 1.99414e-21
8.88178e-16 1.99411e-21
1.33227e-15 2.44835e-21
8.88178e-16 1.69089e-21
-2.66454e-15 1.33696e-21
8.88178e-16 -4.27976e-22
0 6.63019e-22
0 0
0 0
-4.44089e-16 -7.35961e-23
2.88658e-15 -1.00634e-22
0 1.16006e-21
-6.66134e-16 -5.29866e-22
1.33227e-15 1.00942e-21
-2.66454e-15 2.57416e-21
-1.33227e-15 1.16091e-21
8.88178e-16 3.23034e-21
1.33227e-15 7.57077e-23
-4.44089e-16 2.6999e-21
8.88178e-16 -6.05328e-22
-4.44089e-16 4.27934e-22
1.33227e-15 -1.22777e-22
0 0
0 0
-4.44089e-16 -3.67934e-22
-6.66134e-16 -1.4587e-21
8.88178e-16 -2.77275e-22
-1.77636e-15 -2.32007e-21
8.88178e-16 2.26992e-22
-1.33227e-15 2.64835e-21
-4.44089e-16 1.28635e-21
1.77636e-15 1.71513e-21
-4.44089e-16 6.55762e-22
-1.33227e-15 1.66445e-21
-2.22045e-15 1.13444e-21
-3.55271e-15 2.59185e-21
0 1.12939e-21
0 0
0 0
-4.44089e-16 -6.1272e-22
2.22045e-16 -6.27663e-22
2.22045e-15 1.25772e-22
1.77636e-15 -2.41562e-21
-4.44089e-16 -4.02637e-22
0 8.30461e-22
8.88178e-16 2.51656e-22
1.77636e-15 7.80131e-22
8.88178e-16 -1.5099e-22
-4.44089e-16 -4.02612e-22
8.88178e-16 3.01878e-22
8.88178e-16 -1.25592e-22
-2.22045e-15 1.5454e-21
0 0
0 0
-1.11022e-15 -7.24928e-23
4.44089e-16 -3.68942e-22
3.55271e-15 -6.15524e-22
4.44089e-16 -6.40238e-22
3.9968e-15 -1.47752e-22
-8.88178e-16 -3.9401e-22
8.88178e-16 2.46257e-23
8.88178e-16 6.40266e-22
-8.88178e-16 -2.46254e-22
-1.33227e-15 -7.38741e-23
2.66454e-15 -7.3865e-23
8.88178e-16 8.3645e-22
-2.66454e-15 2.90074e-22
0 0
0 0
0 0
0 0
0 0
0 0
0 0
0 0
0 0
0 0
0 0
0 0
0 0
0 0
0 0
0 0
0 0
0 0
0 0
0 0
0 0
0 0
0 0
0 0
0 0
0 0
0 0
0 0
0 0
0 0
0 0
0 0
0 0
0 0
0 0
0 0
0 0
0 0
0 0
0 0
0 0
0 0
0 0
0 0
0 0
0 0
0 0
0 0
0 0
0 0
0 0
0 0
0 0
0 0
0 0
0 0
0 0
0 0
0 0
0 0
0 0
0 0
0 0
0 0
0 0
0 0
0 0
0 0
0 0
0 0
0 0
0 0
0 0
0 0
0 0
0 0
0 0
0 0
0 0
0 0
0 0
0 0
0 0
0 0
0 0
0 0
0 0
0 0
0 0
0 0
0 0
0 0
0 0
0 0
0 0
0 0
0 0
0 0
0 0
0 0
0 0
0 0
0 0
0 0
0 0
0 0
0 0
0 0
0 0
0 0
0 0
0 0
0 0
0 0
0 0
0 0
0 0
0 0
0 0
0 0
0 0
0 0
0 0
0 0
0 0
0 0
0 0
0 0
0 0
0 0
0 0
0 0
0 0
0 0
0 0
0 0
0 0
0 0
0 0
0 0
0 0
0 0
0 0
0 0
0 0
0 0
0 0
0 0
0 0
0 0
0 0
0 0
0 0
0 0
0 0
0 0
0 0
0 0
0 0
0 0
0 0
0 0
0 0
0 0
0 0
0 0
0 0
0 0
0 0
0 0
0 0
0 0
0 0
0 0
0 0
0 0
0 0
0 0
0 0
0 0
0 0
0 0
0 0
0 0
0 0
0 0
0 0
0 0
0 0
0 0
0 0
0 0
0 0
0 0
0 0
0 0
0 0
0 0
0 0
0 0
0 0
0 0
0 0
0 0
0 0
0 0
0 0
0 0
0 0
0 0
0 0
0 0
0 0
0 0
0 0
0 0
0 0
0 0
0 0
0 0
0 0
0 0
0 0
0 0
0 0
0 0
0 0
0 0
0 0
0 0
0 0
0 0
0 0
0 0
0 0
0 0
0 0
0 0
0 0
0 0
0 0
